1 2 3 4 5 6 7 8 9 10 11 12 13 14 15 16 17 18 19 20 21 
22 23 24 25 26 27 28 29 30 31 32 33 1 34 35 36 37 38 39 40 41 42 43 44 45 
46 40 47 48 49 
2 10 
50 
2 51 52 
53 39 54 55 56 
1 57 58 59 60 13 43 61 62 63 64 
19 
65 66 67 68 69 70 71 72 15 73 74 75 76 77 
78 79 80 
4 81 
82 83 84 85 86 87 88 89 30 9 12 17 1 90 91 92 93 94 95 96 97 98 72 62 99 100 101 
48 
102 103 9 104 28 
93 
105 
106 83 40 84 107 108 109 70 2 110 111 112 113 114 115 116 117 118 119 120 121 42 74 122 75 123 3 66 124 125 126 127 36 128 104 129 130 131 102 132 133 72 19 26 71 39 134 43 135 136 137 
138 139 
140 141 
142 143 3 144 145 146 147 148 149 150 151 
13 126 3 10 152 153 154 9 12 155 1 156 4 81 104 141 61 130 72 157 158 19 159 21 
160 161 
3 162 163 88 164 140 43 62 165 
166 
109 19 85 62 
1 
167 3 13 168 169 170 60 171 28 172 130 58 173 
102 61 174 175 176 177 178 179 180 
114 181 182 13 183 184 109 185 48 186 187 42 63 43 38 136 
188 189 6 28 85 81 190 141 191 192 
114 193 194 39 195 196 131 197 198 199 200 201 202 63 203 
15 81 10 
204 
205 40 52 206 207 85 10 208 209 210 211 212 213 214 215 216 153 217 6 218 219 220 221 1 89 3 92 172 222 163 223 224 128 225 226 227 104 141 38 19 165 228 229 72 60 99 230 43 231 232 130 62 191 
40 233 
234 
67 
